2 0.9921875 0.1533203125 0.018229166666666668 0.013671875
2 0.2552083333333333 0.77978515625 0.2708333333333333 0.0576171875
0 0.275390625 0.6640625 0.2981770833333333 0.048828125
1 0.2649739583333333 0.71728515625 0.2747395833333333 0.0576171875
3 0.7115885416666666 0.73779296875 0.3138020833333333 0.2529296875
4 0.626953125 0.064453125 0.4830729166666667 0.0390625
5 0.5345052083333334 0.115234375 0.3033854166666667 0.07421875
6 0.458984375 0.177734375 0.16015625 0.060546875
7 0.6321614583333334 0.17822265625 0.16015625 0.0576171875
8 0.7760416666666666 0.17822265625 0.09895833333333333 0.0634765625
9 0.556640625 0.234375 0.3528645833333333 0.056640625